(kicad_pcb (version 20171130) (host pcbnew "(5.1.12)-1")

  (general
    (thickness 0.8)
    (drawings 7)
    (tracks 119)
    (zones 0)
    (modules 31)
    (nets 16)
  )

  (page A4)
  (layers
    (0 F.Cu signal)
    (31 B.Cu signal hide)
    (32 B.Adhes user hide)
    (33 F.Adhes user hide)
    (34 B.Paste user hide)
    (35 F.Paste user hide)
    (36 B.SilkS user hide)
    (37 F.SilkS user)
    (38 B.Mask user hide)
    (39 F.Mask user hide)
    (40 Dwgs.User user hide)
    (41 Cmts.User user hide)
    (42 Eco1.User user hide)
    (43 Eco2.User user hide)
    (44 Edge.Cuts user)
    (45 Margin user hide)
    (46 B.CrtYd user)
    (47 F.CrtYd user)
    (48 B.Fab user hide)
    (49 F.Fab user hide)
  )

  (setup
    (last_trace_width 0.25)
    (user_trace_width 0.5)
    (trace_clearance 0.2)
    (zone_clearance 0.254)
    (zone_45_only no)
    (trace_min 0.2)
    (via_size 0.8)
    (via_drill 0.4)
    (via_min_size 0.4)
    (via_min_drill 0.3)
    (uvia_size 0.3)
    (uvia_drill 0.1)
    (uvias_allowed no)
    (uvia_min_size 0.2)
    (uvia_min_drill 0.1)
    (edge_width 0.05)
    (segment_width 0.2)
    (pcb_text_width 0.3)
    (pcb_text_size 1.5 1.5)
    (mod_edge_width 0.12)
    (mod_text_size 1 1)
    (mod_text_width 0.15)
    (pad_size 1.524 1.524)
    (pad_drill 0.762)
    (pad_to_mask_clearance 0)
    (aux_axis_origin 0 0)
    (grid_origin 104 58)
    (visible_elements 7FFFFFFF)
    (pcbplotparams
      (layerselection 0x010fc_ffffffff)
      (usegerberextensions false)
      (usegerberattributes true)
      (usegerberadvancedattributes true)
      (creategerberjobfile true)
      (excludeedgelayer true)
      (linewidth 0.100000)
      (plotframeref false)
      (viasonmask false)
      (mode 1)
      (useauxorigin false)
      (hpglpennumber 1)
      (hpglpenspeed 20)
      (hpglpendiameter 15.000000)
      (psnegative false)
      (psa4output false)
      (plotreference true)
      (plotvalue true)
      (plotinvisibletext false)
      (padsonsilk false)
      (subtractmaskfromsilk false)
      (outputformat 1)
      (mirror false)
      (drillshape 1)
      (scaleselection 1)
      (outputdirectory ""))
  )

  (net 0 "")
  (net 1 "Net-(C1-Pad1)")
  (net 2 Earth)
  (net 3 "Net-(C2-Pad1)")
  (net 4 "Net-(C4-Pad2)")
  (net 5 "Net-(C4-Pad1)")
  (net 6 "Net-(C5-Pad1)")
  (net 7 +10V)
  (net 8 "Net-(C8-Pad1)")
  (net 9 "Net-(C8-Pad2)")
  (net 10 "Net-(Q1-Pad3)")
  (net 11 "Net-(Q1-Pad2)")
  (net 12 "Net-(Q2-Pad3)")
  (net 13 "Net-(Q2-Pad1)")
  (net 14 "Net-(C6-Pad2)")
  (net 15 "Net-(C6-Pad1)")

  (net_class Default "This is the default net class."
    (clearance 0.2)
    (trace_width 0.25)
    (via_dia 0.8)
    (via_drill 0.4)
    (uvia_dia 0.3)
    (uvia_drill 0.1)
    (add_net +10V)
    (add_net Earth)
    (add_net "Net-(C1-Pad1)")
    (add_net "Net-(C2-Pad1)")
    (add_net "Net-(C4-Pad1)")
    (add_net "Net-(C4-Pad2)")
    (add_net "Net-(C5-Pad1)")
    (add_net "Net-(C6-Pad1)")
    (add_net "Net-(C6-Pad2)")
    (add_net "Net-(C8-Pad1)")
    (add_net "Net-(C8-Pad2)")
    (add_net "Net-(Q1-Pad2)")
    (add_net "Net-(Q1-Pad3)")
    (add_net "Net-(Q2-Pad1)")
    (add_net "Net-(Q2-Pad3)")
  )

  (module digikey-footprints:PC_TEST_POINT_SMD (layer F.Cu) (tedit 5D289509) (tstamp 61A03661)
    (at 102.5 101.5)
    (path /6198F954)
    (attr smd)
    (fp_text reference + (at -1.5 1.75) (layer F.SilkS)
      (effects (font (size 1 1) (thickness 0.15)))
    )
    (fp_text value mic+ (at 0 2.02) (layer F.Fab)
      (effects (font (size 1 1) (thickness 0.15)))
    )
    (fp_line (start -1.87 -1.07) (end -1.87 1.07) (layer F.CrtYd) (width 0.05))
    (fp_line (start 1.87 1.07) (end -1.87 1.07) (layer F.CrtYd) (width 0.05))
    (fp_line (start 1.87 -1.07) (end 1.87 1.07) (layer F.CrtYd) (width 0.05))
    (fp_line (start 1.87 -1.07) (end -1.87 -1.07) (layer F.CrtYd) (width 0.05))
    (fp_line (start -1.8 -1) (end -1.3 -1) (layer F.SilkS) (width 0.1))
    (fp_line (start -1.8 -1) (end -1.8 -0.5) (layer F.SilkS) (width 0.1))
    (fp_line (start -1.8 1) (end -1.8 0.5) (layer F.SilkS) (width 0.1))
    (fp_line (start -1.8 1) (end -1.3 1) (layer F.SilkS) (width 0.1))
    (fp_line (start 1.8 1) (end 1.3 1) (layer F.SilkS) (width 0.1))
    (fp_line (start 1.8 1) (end 1.8 0.5) (layer F.SilkS) (width 0.1))
    (fp_line (start 1.8 -1) (end 1.8 -0.5) (layer F.SilkS) (width 0.1))
    (fp_line (start 1.8 -1) (end 1.3 -1) (layer F.SilkS) (width 0.1))
    (fp_line (start -1.625 -0.825) (end 1.625 -0.825) (layer F.Fab) (width 0.1))
    (fp_line (start -1.625 0.825) (end -1.625 -0.825) (layer F.Fab) (width 0.1))
    (fp_line (start 1.625 0.825) (end 1.625 -0.825) (layer F.Fab) (width 0.1))
    (fp_line (start -1.625 0.825) (end 1.625 0.825) (layer F.Fab) (width 0.1))
    (fp_text user %R (at 0 0) (layer F.Fab)
      (effects (font (size 0.5 0.5) (thickness 0.05)))
    )
    (pad 1 smd rect (at 0 0) (size 3.45 1.85) (layers F.Cu F.Paste F.Mask)
      (net 14 "Net-(C6-Pad2)"))
  )

  (module digikey-footprints:PC_TEST_POINT_SMD (layer F.Cu) (tedit 5D289509) (tstamp 61A03677)
    (at 102.5 106.5)
    (path /61990197)
    (attr smd)
    (fp_text reference - (at 1.5 -1.75) (layer F.SilkS)
      (effects (font (size 1 1) (thickness 0.15)))
    )
    (fp_text value mic- (at 0 2.02) (layer F.Fab)
      (effects (font (size 1 1) (thickness 0.15)))
    )
    (fp_line (start -1.625 0.825) (end 1.625 0.825) (layer F.Fab) (width 0.1))
    (fp_line (start 1.625 0.825) (end 1.625 -0.825) (layer F.Fab) (width 0.1))
    (fp_line (start -1.625 0.825) (end -1.625 -0.825) (layer F.Fab) (width 0.1))
    (fp_line (start -1.625 -0.825) (end 1.625 -0.825) (layer F.Fab) (width 0.1))
    (fp_line (start 1.8 -1) (end 1.3 -1) (layer F.SilkS) (width 0.1))
    (fp_line (start 1.8 -1) (end 1.8 -0.5) (layer F.SilkS) (width 0.1))
    (fp_line (start 1.8 1) (end 1.8 0.5) (layer F.SilkS) (width 0.1))
    (fp_line (start 1.8 1) (end 1.3 1) (layer F.SilkS) (width 0.1))
    (fp_line (start -1.8 1) (end -1.3 1) (layer F.SilkS) (width 0.1))
    (fp_line (start -1.8 1) (end -1.8 0.5) (layer F.SilkS) (width 0.1))
    (fp_line (start -1.8 -1) (end -1.8 -0.5) (layer F.SilkS) (width 0.1))
    (fp_line (start -1.8 -1) (end -1.3 -1) (layer F.SilkS) (width 0.1))
    (fp_line (start 1.87 -1.07) (end -1.87 -1.07) (layer F.CrtYd) (width 0.05))
    (fp_line (start 1.87 -1.07) (end 1.87 1.07) (layer F.CrtYd) (width 0.05))
    (fp_line (start 1.87 1.07) (end -1.87 1.07) (layer F.CrtYd) (width 0.05))
    (fp_line (start -1.87 -1.07) (end -1.87 1.07) (layer F.CrtYd) (width 0.05))
    (fp_text user %R (at 0 0) (layer F.Fab)
      (effects (font (size 0.5 0.5) (thickness 0.05)))
    )
    (pad 1 smd rect (at 0 0) (size 3.45 1.85) (layers F.Cu F.Paste F.Mask)
      (net 2 Earth))
  )

  (module digikey-footprints:PC_TEST_POINT_SMD (layer F.Cu) (tedit 5D289509) (tstamp 61A4378B)
    (at 157 101.5)
    (path /61992754)
    (attr smd)
    (fp_text reference + (at 1.25 1.75) (layer F.SilkS)
      (effects (font (size 1 1) (thickness 0.15)))
    )
    (fp_text value XLR2 (at 0 2.02) (layer F.Fab)
      (effects (font (size 1 1) (thickness 0.15)))
    )
    (fp_line (start -1.87 -1.07) (end -1.87 1.07) (layer F.CrtYd) (width 0.05))
    (fp_line (start 1.87 1.07) (end -1.87 1.07) (layer F.CrtYd) (width 0.05))
    (fp_line (start 1.87 -1.07) (end 1.87 1.07) (layer F.CrtYd) (width 0.05))
    (fp_line (start 1.87 -1.07) (end -1.87 -1.07) (layer F.CrtYd) (width 0.05))
    (fp_line (start -1.8 -1) (end -1.3 -1) (layer F.SilkS) (width 0.1))
    (fp_line (start -1.8 -1) (end -1.8 -0.5) (layer F.SilkS) (width 0.1))
    (fp_line (start -1.8 1) (end -1.8 0.5) (layer F.SilkS) (width 0.1))
    (fp_line (start -1.8 1) (end -1.3 1) (layer F.SilkS) (width 0.1))
    (fp_line (start 1.8 1) (end 1.3 1) (layer F.SilkS) (width 0.1))
    (fp_line (start 1.8 1) (end 1.8 0.5) (layer F.SilkS) (width 0.1))
    (fp_line (start 1.8 -1) (end 1.8 -0.5) (layer F.SilkS) (width 0.1))
    (fp_line (start 1.8 -1) (end 1.3 -1) (layer F.SilkS) (width 0.1))
    (fp_line (start -1.625 -0.825) (end 1.625 -0.825) (layer F.Fab) (width 0.1))
    (fp_line (start -1.625 0.825) (end -1.625 -0.825) (layer F.Fab) (width 0.1))
    (fp_line (start 1.625 0.825) (end 1.625 -0.825) (layer F.Fab) (width 0.1))
    (fp_line (start -1.625 0.825) (end 1.625 0.825) (layer F.Fab) (width 0.1))
    (fp_text user %R (at 0 0) (layer F.Fab)
      (effects (font (size 0.5 0.5) (thickness 0.05)))
    )
    (pad 1 smd rect (at 0 0) (size 3.45 1.85) (layers F.Cu F.Paste F.Mask)
      (net 9 "Net-(C8-Pad2)"))
  )

  (module digikey-footprints:PC_TEST_POINT_SMD (layer B.Cu) (tedit 5D289509) (tstamp 61A036A3)
    (at 157 104)
    (path /619951EF)
    (attr smd)
    (fp_text reference GND (at 0 -1.75) (layer B.SilkS)
      (effects (font (size 1 1) (thickness 0.15)) (justify mirror))
    )
    (fp_text value XLR1 (at 0 -2.02) (layer B.Fab)
      (effects (font (size 1 1) (thickness 0.15)) (justify mirror))
    )
    (fp_line (start -1.87 1.07) (end -1.87 -1.07) (layer B.CrtYd) (width 0.05))
    (fp_line (start 1.87 -1.07) (end -1.87 -1.07) (layer B.CrtYd) (width 0.05))
    (fp_line (start 1.87 1.07) (end 1.87 -1.07) (layer B.CrtYd) (width 0.05))
    (fp_line (start 1.87 1.07) (end -1.87 1.07) (layer B.CrtYd) (width 0.05))
    (fp_line (start -1.8 1) (end -1.3 1) (layer B.SilkS) (width 0.1))
    (fp_line (start -1.8 1) (end -1.8 0.5) (layer B.SilkS) (width 0.1))
    (fp_line (start -1.8 -1) (end -1.8 -0.5) (layer B.SilkS) (width 0.1))
    (fp_line (start -1.8 -1) (end -1.3 -1) (layer B.SilkS) (width 0.1))
    (fp_line (start 1.8 -1) (end 1.3 -1) (layer B.SilkS) (width 0.1))
    (fp_line (start 1.8 -1) (end 1.8 -0.5) (layer B.SilkS) (width 0.1))
    (fp_line (start 1.8 1) (end 1.8 0.5) (layer B.SilkS) (width 0.1))
    (fp_line (start 1.8 1) (end 1.3 1) (layer B.SilkS) (width 0.1))
    (fp_line (start -1.625 0.825) (end 1.625 0.825) (layer B.Fab) (width 0.1))
    (fp_line (start -1.625 -0.825) (end -1.625 0.825) (layer B.Fab) (width 0.1))
    (fp_line (start 1.625 -0.825) (end 1.625 0.825) (layer B.Fab) (width 0.1))
    (fp_line (start -1.625 -0.825) (end 1.625 -0.825) (layer B.Fab) (width 0.1))
    (fp_text user %R (at 0 0) (layer B.Fab)
      (effects (font (size 0.5 0.5) (thickness 0.05)) (justify mirror))
    )
    (pad 1 smd rect (at 0 0) (size 3.45 1.85) (layers B.Cu B.Paste B.Mask)
      (net 2 Earth))
  )

  (module digikey-footprints:PC_TEST_POINT_SMD (layer F.Cu) (tedit 5D289509) (tstamp 61A036B9)
    (at 157 106.5)
    (path /6199337F)
    (attr smd)
    (fp_text reference - (at -1.5 -1.75) (layer F.SilkS)
      (effects (font (size 1 1) (thickness 0.15)))
    )
    (fp_text value XLR3 (at 0 2.02) (layer F.Fab)
      (effects (font (size 1 1) (thickness 0.15)))
    )
    (fp_line (start -1.625 0.825) (end 1.625 0.825) (layer F.Fab) (width 0.1))
    (fp_line (start 1.625 0.825) (end 1.625 -0.825) (layer F.Fab) (width 0.1))
    (fp_line (start -1.625 0.825) (end -1.625 -0.825) (layer F.Fab) (width 0.1))
    (fp_line (start -1.625 -0.825) (end 1.625 -0.825) (layer F.Fab) (width 0.1))
    (fp_line (start 1.8 -1) (end 1.3 -1) (layer F.SilkS) (width 0.1))
    (fp_line (start 1.8 -1) (end 1.8 -0.5) (layer F.SilkS) (width 0.1))
    (fp_line (start 1.8 1) (end 1.8 0.5) (layer F.SilkS) (width 0.1))
    (fp_line (start 1.8 1) (end 1.3 1) (layer F.SilkS) (width 0.1))
    (fp_line (start -1.8 1) (end -1.3 1) (layer F.SilkS) (width 0.1))
    (fp_line (start -1.8 1) (end -1.8 0.5) (layer F.SilkS) (width 0.1))
    (fp_line (start -1.8 -1) (end -1.8 -0.5) (layer F.SilkS) (width 0.1))
    (fp_line (start -1.8 -1) (end -1.3 -1) (layer F.SilkS) (width 0.1))
    (fp_line (start 1.87 -1.07) (end -1.87 -1.07) (layer F.CrtYd) (width 0.05))
    (fp_line (start 1.87 -1.07) (end 1.87 1.07) (layer F.CrtYd) (width 0.05))
    (fp_line (start 1.87 1.07) (end -1.87 1.07) (layer F.CrtYd) (width 0.05))
    (fp_line (start -1.87 -1.07) (end -1.87 1.07) (layer F.CrtYd) (width 0.05))
    (fp_text user %R (at 0 0) (layer F.Fab)
      (effects (font (size 0.5 0.5) (thickness 0.05)))
    )
    (pad 1 smd rect (at 0 0) (size 3.45 1.85) (layers F.Cu F.Paste F.Mask)
      (net 8 "Net-(C8-Pad1)"))
  )

  (module Resistor_SMD:R_1206_3216Metric_Pad1.30x1.75mm_HandSolder (layer B.Cu) (tedit 61A0D1CD) (tstamp 61A42F8B)
    (at 106 105.05 270)
    (descr "Resistor SMD 1206 (3216 Metric), square (rectangular) end terminal, IPC_7351 nominal with elongated pad for handsoldering. (Body size source: IPC-SM-782 page 72, https://www.pcb-3d.com/wordpress/wp-content/uploads/ipc-sm-782a_amendment_1_and_2.pdf), generated with kicad-footprint-generator")
    (tags "resistor handsolder")
    (path /61971EA5)
    (attr smd)
    (fp_text reference R1 (at 0 0 180) (layer B.SilkS)
      (effects (font (size 1 1) (thickness 0.15)) (justify mirror))
    )
    (fp_text value 100k (at 0 -1.82 90) (layer B.Fab)
      (effects (font (size 1 1) (thickness 0.15)) (justify mirror))
    )
    (fp_line (start -1.6 -0.8) (end -1.6 0.8) (layer B.Fab) (width 0.1))
    (fp_line (start -1.6 0.8) (end 1.6 0.8) (layer B.Fab) (width 0.1))
    (fp_line (start 1.6 0.8) (end 1.6 -0.8) (layer B.Fab) (width 0.1))
    (fp_line (start 1.6 -0.8) (end -1.6 -0.8) (layer B.Fab) (width 0.1))
    (fp_line (start -0.727064 0.91) (end 0.727064 0.91) (layer B.SilkS) (width 0.12))
    (fp_line (start -0.727064 -0.91) (end 0.727064 -0.91) (layer B.SilkS) (width 0.12))
    (fp_line (start -2.45 -1.12) (end -2.45 1.12) (layer B.CrtYd) (width 0.05))
    (fp_line (start -2.45 1.12) (end 2.45 1.12) (layer B.CrtYd) (width 0.05))
    (fp_line (start 2.45 1.12) (end 2.45 -1.12) (layer B.CrtYd) (width 0.05))
    (fp_line (start 2.45 -1.12) (end -2.45 -1.12) (layer B.CrtYd) (width 0.05))
    (fp_text user %R (at 0 0 90) (layer B.Fab)
      (effects (font (size 0.8 0.8) (thickness 0.12)) (justify mirror))
    )
    (pad 1 smd roundrect (at -1.55 0 270) (size 1.3 1.75) (layers B.Cu B.Paste B.Mask) (roundrect_rratio 0.192308)
      (net 7 +10V))
    (pad 2 smd roundrect (at 1.55 0 270) (size 1.3 1.75) (layers B.Cu B.Paste B.Mask) (roundrect_rratio 0.192308)
      (net 1 "Net-(C1-Pad1)"))
    (model ${KISYS3DMOD}/Resistor_SMD.3dshapes/R_1206_3216Metric.wrl
      (at (xyz 0 0 0))
      (scale (xyz 1 1 1))
      (rotate (xyz 0 0 0))
    )
  )

  (module Resistor_SMD:R_1206_3216Metric_Pad1.30x1.75mm_HandSolder (layer B.Cu) (tedit 61A0D1CD) (tstamp 61A4285F)
    (at 108.5 103.5 270)
    (descr "Resistor SMD 1206 (3216 Metric), square (rectangular) end terminal, IPC_7351 nominal with elongated pad for handsoldering. (Body size source: IPC-SM-782 page 72, https://www.pcb-3d.com/wordpress/wp-content/uploads/ipc-sm-782a_amendment_1_and_2.pdf), generated with kicad-footprint-generator")
    (tags "resistor handsolder")
    (path /61972493)
    (attr smd)
    (fp_text reference R2 (at 0 0 180) (layer B.SilkS)
      (effects (font (size 1 1) (thickness 0.15)) (justify mirror))
    )
    (fp_text value 100k (at 0 -1.82 90) (layer B.Fab)
      (effects (font (size 1 1) (thickness 0.15)) (justify mirror))
    )
    (fp_line (start 2.45 -1.12) (end -2.45 -1.12) (layer B.CrtYd) (width 0.05))
    (fp_line (start 2.45 1.12) (end 2.45 -1.12) (layer B.CrtYd) (width 0.05))
    (fp_line (start -2.45 1.12) (end 2.45 1.12) (layer B.CrtYd) (width 0.05))
    (fp_line (start -2.45 -1.12) (end -2.45 1.12) (layer B.CrtYd) (width 0.05))
    (fp_line (start -0.727064 -0.91) (end 0.727064 -0.91) (layer B.SilkS) (width 0.12))
    (fp_line (start -0.727064 0.91) (end 0.727064 0.91) (layer B.SilkS) (width 0.12))
    (fp_line (start 1.6 -0.8) (end -1.6 -0.8) (layer B.Fab) (width 0.1))
    (fp_line (start 1.6 0.8) (end 1.6 -0.8) (layer B.Fab) (width 0.1))
    (fp_line (start -1.6 0.8) (end 1.6 0.8) (layer B.Fab) (width 0.1))
    (fp_line (start -1.6 -0.8) (end -1.6 0.8) (layer B.Fab) (width 0.1))
    (fp_text user %R (at 0 0 90) (layer B.Fab)
      (effects (font (size 0.8 0.8) (thickness 0.12)) (justify mirror))
    )
    (pad 2 smd roundrect (at 1.55 0 270) (size 1.3 1.75) (layers B.Cu B.Paste B.Mask) (roundrect_rratio 0.192308)
      (net 1 "Net-(C1-Pad1)"))
    (pad 1 smd roundrect (at -1.55 0 270) (size 1.3 1.75) (layers B.Cu B.Paste B.Mask) (roundrect_rratio 0.192308)
      (net 15 "Net-(C6-Pad1)"))
    (model ${KISYS3DMOD}/Resistor_SMD.3dshapes/R_1206_3216Metric.wrl
      (at (xyz 0 0 0))
      (scale (xyz 1 1 1))
      (rotate (xyz 0 0 0))
    )
  )

  (module Resistor_SMD:R_1206_3216Metric_Pad1.30x1.75mm_HandSolder (layer B.Cu) (tedit 61A0D1CD) (tstamp 61A414A0)
    (at 111 105 270)
    (descr "Resistor SMD 1206 (3216 Metric), square (rectangular) end terminal, IPC_7351 nominal with elongated pad for handsoldering. (Body size source: IPC-SM-782 page 72, https://www.pcb-3d.com/wordpress/wp-content/uploads/ipc-sm-782a_amendment_1_and_2.pdf), generated with kicad-footprint-generator")
    (tags "resistor handsolder")
    (path /6197481D)
    (attr smd)
    (fp_text reference R3 (at 0 0 180) (layer B.SilkS)
      (effects (font (size 1 1) (thickness 0.15)) (justify mirror))
    )
    (fp_text value 33k (at 0 -1.82 90) (layer B.Fab)
      (effects (font (size 1 1) (thickness 0.15)) (justify mirror))
    )
    (fp_line (start -1.6 -0.8) (end -1.6 0.8) (layer B.Fab) (width 0.1))
    (fp_line (start -1.6 0.8) (end 1.6 0.8) (layer B.Fab) (width 0.1))
    (fp_line (start 1.6 0.8) (end 1.6 -0.8) (layer B.Fab) (width 0.1))
    (fp_line (start 1.6 -0.8) (end -1.6 -0.8) (layer B.Fab) (width 0.1))
    (fp_line (start -0.727064 0.91) (end 0.727064 0.91) (layer B.SilkS) (width 0.12))
    (fp_line (start -0.727064 -0.91) (end 0.727064 -0.91) (layer B.SilkS) (width 0.12))
    (fp_line (start -2.45 -1.12) (end -2.45 1.12) (layer B.CrtYd) (width 0.05))
    (fp_line (start -2.45 1.12) (end 2.45 1.12) (layer B.CrtYd) (width 0.05))
    (fp_line (start 2.45 1.12) (end 2.45 -1.12) (layer B.CrtYd) (width 0.05))
    (fp_line (start 2.45 -1.12) (end -2.45 -1.12) (layer B.CrtYd) (width 0.05))
    (fp_text user %R (at 0 0 90) (layer B.Fab)
      (effects (font (size 0.8 0.8) (thickness 0.12)) (justify mirror))
    )
    (pad 1 smd roundrect (at -1.55 0 270) (size 1.3 1.75) (layers B.Cu B.Paste B.Mask) (roundrect_rratio 0.192308)
      (net 1 "Net-(C1-Pad1)"))
    (pad 2 smd roundrect (at 1.55 0 270) (size 1.3 1.75) (layers B.Cu B.Paste B.Mask) (roundrect_rratio 0.192308)
      (net 2 Earth))
    (model ${KISYS3DMOD}/Resistor_SMD.3dshapes/R_1206_3216Metric.wrl
      (at (xyz 0 0 0))
      (scale (xyz 1 1 1))
      (rotate (xyz 0 0 0))
    )
  )

  (module Capacitor_SMD:C_1206_3216Metric_Pad1.33x1.80mm_HandSolder (layer F.Cu) (tedit 5F68FEEF) (tstamp 61A42F4A)
    (at 106 103.0625 90)
    (descr "Capacitor SMD 1206 (3216 Metric), square (rectangular) end terminal, IPC_7351 nominal with elongated pad for handsoldering. (Body size source: IPC-SM-782 page 76, https://www.pcb-3d.com/wordpress/wp-content/uploads/ipc-sm-782a_amendment_1_and_2.pdf), generated with kicad-footprint-generator")
    (tags "capacitor handsolder")
    (path /61969089)
    (attr smd)
    (fp_text reference C6 (at -0.0375 0) (layer F.SilkS)
      (effects (font (size 1 1) (thickness 0.15)))
    )
    (fp_text value 1u (at 0 1.85 270) (layer F.Fab)
      (effects (font (size 1 1) (thickness 0.15)))
    )
    (fp_line (start 2.48 1.15) (end -2.48 1.15) (layer F.CrtYd) (width 0.05))
    (fp_line (start 2.48 -1.15) (end 2.48 1.15) (layer F.CrtYd) (width 0.05))
    (fp_line (start -2.48 -1.15) (end 2.48 -1.15) (layer F.CrtYd) (width 0.05))
    (fp_line (start -2.48 1.15) (end -2.48 -1.15) (layer F.CrtYd) (width 0.05))
    (fp_line (start -0.711252 0.91) (end 0.711252 0.91) (layer F.SilkS) (width 0.12))
    (fp_line (start -0.711252 -0.91) (end 0.711252 -0.91) (layer F.SilkS) (width 0.12))
    (fp_line (start 1.6 0.8) (end -1.6 0.8) (layer F.Fab) (width 0.1))
    (fp_line (start 1.6 -0.8) (end 1.6 0.8) (layer F.Fab) (width 0.1))
    (fp_line (start -1.6 -0.8) (end 1.6 -0.8) (layer F.Fab) (width 0.1))
    (fp_line (start -1.6 0.8) (end -1.6 -0.8) (layer F.Fab) (width 0.1))
    (fp_text user %R (at 0 0 270) (layer F.Fab)
      (effects (font (size 0.8 0.8) (thickness 0.12)))
    )
    (pad 1 smd roundrect (at -1.5625 0 90) (size 1.325 1.8) (layers F.Cu F.Paste F.Mask) (roundrect_rratio 0.188679)
      (net 15 "Net-(C6-Pad1)"))
    (pad 2 smd roundrect (at 1.5625 0 90) (size 1.325 1.8) (layers F.Cu F.Paste F.Mask) (roundrect_rratio 0.188679)
      (net 14 "Net-(C6-Pad2)"))
    (model ${KISYS3DMOD}/Capacitor_SMD.3dshapes/C_1206_3216Metric.wrl
      (at (xyz 0 0 0))
      (scale (xyz 1 1 1))
      (rotate (xyz 0 0 0))
    )
  )

  (module Capacitor_SMD:C_1206_3216Metric_Pad1.33x1.80mm_HandSolder (layer B.Cu) (tedit 5F68FEEF) (tstamp 61A3F79C)
    (at 145.5 103.9375 90)
    (descr "Capacitor SMD 1206 (3216 Metric), square (rectangular) end terminal, IPC_7351 nominal with elongated pad for handsoldering. (Body size source: IPC-SM-782 page 76, https://www.pcb-3d.com/wordpress/wp-content/uploads/ipc-sm-782a_amendment_1_and_2.pdf), generated with kicad-footprint-generator")
    (tags "capacitor handsolder")
    (path /6198A132)
    (attr smd)
    (fp_text reference C7 (at -0.0625 0 180) (layer B.SilkS)
      (effects (font (size 1 1) (thickness 0.15)) (justify mirror))
    )
    (fp_text value 100n (at 0 -1.85 90) (layer B.Fab)
      (effects (font (size 1 1) (thickness 0.15)) (justify mirror))
    )
    (fp_line (start 2.48 -1.15) (end -2.48 -1.15) (layer B.CrtYd) (width 0.05))
    (fp_line (start 2.48 1.15) (end 2.48 -1.15) (layer B.CrtYd) (width 0.05))
    (fp_line (start -2.48 1.15) (end 2.48 1.15) (layer B.CrtYd) (width 0.05))
    (fp_line (start -2.48 -1.15) (end -2.48 1.15) (layer B.CrtYd) (width 0.05))
    (fp_line (start -0.711252 -0.91) (end 0.711252 -0.91) (layer B.SilkS) (width 0.12))
    (fp_line (start -0.711252 0.91) (end 0.711252 0.91) (layer B.SilkS) (width 0.12))
    (fp_line (start 1.6 -0.8) (end -1.6 -0.8) (layer B.Fab) (width 0.1))
    (fp_line (start 1.6 0.8) (end 1.6 -0.8) (layer B.Fab) (width 0.1))
    (fp_line (start -1.6 0.8) (end 1.6 0.8) (layer B.Fab) (width 0.1))
    (fp_line (start -1.6 -0.8) (end -1.6 0.8) (layer B.Fab) (width 0.1))
    (fp_text user %R (at 0 0 90) (layer B.Fab)
      (effects (font (size 0.8 0.8) (thickness 0.12)) (justify mirror))
    )
    (pad 1 smd roundrect (at -1.5625 0 90) (size 1.325 1.8) (layers B.Cu B.Paste B.Mask) (roundrect_rratio 0.188679)
      (net 2 Earth))
    (pad 2 smd roundrect (at 1.5625 0 90) (size 1.325 1.8) (layers B.Cu B.Paste B.Mask) (roundrect_rratio 0.188679)
      (net 7 +10V))
    (model ${KISYS3DMOD}/Capacitor_SMD.3dshapes/C_1206_3216Metric.wrl
      (at (xyz 0 0 0))
      (scale (xyz 1 1 1))
      (rotate (xyz 0 0 0))
    )
  )

  (module Capacitor_SMD:C_1206_3216Metric_Pad1.33x1.80mm_HandSolder (layer F.Cu) (tedit 5F68FEEF) (tstamp 61A3D9E0)
    (at 152 104)
    (descr "Capacitor SMD 1206 (3216 Metric), square (rectangular) end terminal, IPC_7351 nominal with elongated pad for handsoldering. (Body size source: IPC-SM-782 page 76, https://www.pcb-3d.com/wordpress/wp-content/uploads/ipc-sm-782a_amendment_1_and_2.pdf), generated with kicad-footprint-generator")
    (tags "capacitor handsolder")
    (path /6199FE2D)
    (attr smd)
    (fp_text reference C8 (at 0 0 90) (layer F.SilkS)
      (effects (font (size 1 1) (thickness 0.15)))
    )
    (fp_text value 1n (at 0 1.85) (layer F.Fab)
      (effects (font (size 1 1) (thickness 0.15)))
    )
    (fp_line (start -1.6 0.8) (end -1.6 -0.8) (layer F.Fab) (width 0.1))
    (fp_line (start -1.6 -0.8) (end 1.6 -0.8) (layer F.Fab) (width 0.1))
    (fp_line (start 1.6 -0.8) (end 1.6 0.8) (layer F.Fab) (width 0.1))
    (fp_line (start 1.6 0.8) (end -1.6 0.8) (layer F.Fab) (width 0.1))
    (fp_line (start -0.711252 -0.91) (end 0.711252 -0.91) (layer F.SilkS) (width 0.12))
    (fp_line (start -0.711252 0.91) (end 0.711252 0.91) (layer F.SilkS) (width 0.12))
    (fp_line (start -2.48 1.15) (end -2.48 -1.15) (layer F.CrtYd) (width 0.05))
    (fp_line (start -2.48 -1.15) (end 2.48 -1.15) (layer F.CrtYd) (width 0.05))
    (fp_line (start 2.48 -1.15) (end 2.48 1.15) (layer F.CrtYd) (width 0.05))
    (fp_line (start 2.48 1.15) (end -2.48 1.15) (layer F.CrtYd) (width 0.05))
    (fp_text user %R (at 0 0) (layer F.Fab)
      (effects (font (size 0.8 0.8) (thickness 0.12)))
    )
    (pad 2 smd roundrect (at 1.5625 0) (size 1.325 1.8) (layers F.Cu F.Paste F.Mask) (roundrect_rratio 0.188679)
      (net 9 "Net-(C8-Pad2)"))
    (pad 1 smd roundrect (at -1.5625 0) (size 1.325 1.8) (layers F.Cu F.Paste F.Mask) (roundrect_rratio 0.188679)
      (net 8 "Net-(C8-Pad1)"))
    (model ${KISYS3DMOD}/Capacitor_SMD.3dshapes/C_1206_3216Metric.wrl
      (at (xyz 0 0 0))
      (scale (xyz 1 1 1))
      (rotate (xyz 0 0 0))
    )
  )

  (module Package_TO_SOT_SMD:SOT-23_Handsoldering (layer B.Cu) (tedit 5A0AB76C) (tstamp 61A428D0)
    (at 124 102.5 180)
    (descr "SOT-23, Handsoldering")
    (tags SOT-23)
    (path /61967DCC)
    (attr smd)
    (fp_text reference Q1 (at 2 1.25) (layer B.SilkS)
      (effects (font (size 1 1) (thickness 0.15)) (justify mirror))
    )
    (fp_text value BC859C (at 0 -2.5) (layer B.Fab)
      (effects (font (size 1 1) (thickness 0.15)) (justify mirror))
    )
    (fp_line (start 0.76 -1.58) (end 0.76 -0.65) (layer B.SilkS) (width 0.12))
    (fp_line (start 0.76 1.58) (end 0.76 0.65) (layer B.SilkS) (width 0.12))
    (fp_line (start -2.7 1.75) (end 2.7 1.75) (layer B.CrtYd) (width 0.05))
    (fp_line (start 2.7 1.75) (end 2.7 -1.75) (layer B.CrtYd) (width 0.05))
    (fp_line (start 2.7 -1.75) (end -2.7 -1.75) (layer B.CrtYd) (width 0.05))
    (fp_line (start -2.7 -1.75) (end -2.7 1.75) (layer B.CrtYd) (width 0.05))
    (fp_line (start 0.76 1.58) (end -2.4 1.58) (layer B.SilkS) (width 0.12))
    (fp_line (start -0.7 0.95) (end -0.7 -1.5) (layer B.Fab) (width 0.1))
    (fp_line (start -0.15 1.52) (end 0.7 1.52) (layer B.Fab) (width 0.1))
    (fp_line (start -0.7 0.95) (end -0.15 1.52) (layer B.Fab) (width 0.1))
    (fp_line (start 0.7 1.52) (end 0.7 -1.52) (layer B.Fab) (width 0.1))
    (fp_line (start -0.7 -1.52) (end 0.7 -1.52) (layer B.Fab) (width 0.1))
    (fp_line (start 0.76 -1.58) (end -0.7 -1.58) (layer B.SilkS) (width 0.12))
    (fp_text user %R (at 0 0 270) (layer B.Fab)
      (effects (font (size 0.5 0.5) (thickness 0.075)) (justify mirror))
    )
    (pad 3 smd rect (at 1.5 0 180) (size 1.9 0.8) (layers B.Cu B.Paste B.Mask)
      (net 10 "Net-(Q1-Pad3)"))
    (pad 2 smd rect (at -1.5 -0.95 180) (size 1.9 0.8) (layers B.Cu B.Paste B.Mask)
      (net 11 "Net-(Q1-Pad2)"))
    (pad 1 smd rect (at -1.5 0.95 180) (size 1.9 0.8) (layers B.Cu B.Paste B.Mask)
      (net 15 "Net-(C6-Pad1)"))
    (model ${KISYS3DMOD}/Package_TO_SOT_SMD.3dshapes/SOT-23.wrl
      (at (xyz 0 0 0))
      (scale (xyz 1 1 1))
      (rotate (xyz 0 0 0))
    )
  )

  (module Package_TO_SOT_SMD:SOT-23_Handsoldering (layer B.Cu) (tedit 5A0AB76C) (tstamp 61A3DA1C)
    (at 135 102.5)
    (descr "SOT-23, Handsoldering")
    (tags SOT-23)
    (path /6198095D)
    (attr smd)
    (fp_text reference Q2 (at 2 -1.25) (layer B.SilkS)
      (effects (font (size 1 1) (thickness 0.15)) (justify mirror))
    )
    (fp_text value BC859C (at 0 -2.5) (layer B.Fab)
      (effects (font (size 1 1) (thickness 0.15)) (justify mirror))
    )
    (fp_line (start 0.76 -1.58) (end -0.7 -1.58) (layer B.SilkS) (width 0.12))
    (fp_line (start -0.7 -1.52) (end 0.7 -1.52) (layer B.Fab) (width 0.1))
    (fp_line (start 0.7 1.52) (end 0.7 -1.52) (layer B.Fab) (width 0.1))
    (fp_line (start -0.7 0.95) (end -0.15 1.52) (layer B.Fab) (width 0.1))
    (fp_line (start -0.15 1.52) (end 0.7 1.52) (layer B.Fab) (width 0.1))
    (fp_line (start -0.7 0.95) (end -0.7 -1.5) (layer B.Fab) (width 0.1))
    (fp_line (start 0.76 1.58) (end -2.4 1.58) (layer B.SilkS) (width 0.12))
    (fp_line (start -2.7 -1.75) (end -2.7 1.75) (layer B.CrtYd) (width 0.05))
    (fp_line (start 2.7 -1.75) (end -2.7 -1.75) (layer B.CrtYd) (width 0.05))
    (fp_line (start 2.7 1.75) (end 2.7 -1.75) (layer B.CrtYd) (width 0.05))
    (fp_line (start -2.7 1.75) (end 2.7 1.75) (layer B.CrtYd) (width 0.05))
    (fp_line (start 0.76 1.58) (end 0.76 0.65) (layer B.SilkS) (width 0.12))
    (fp_line (start 0.76 -1.58) (end 0.76 -0.65) (layer B.SilkS) (width 0.12))
    (fp_text user %R (at 0 0 270) (layer B.Fab)
      (effects (font (size 0.5 0.5) (thickness 0.075)) (justify mirror))
    )
    (pad 1 smd rect (at -1.5 0.95) (size 1.9 0.8) (layers B.Cu B.Paste B.Mask)
      (net 13 "Net-(Q2-Pad1)"))
    (pad 2 smd rect (at -1.5 -0.95) (size 1.9 0.8) (layers B.Cu B.Paste B.Mask)
      (net 7 +10V))
    (pad 3 smd rect (at 1.5 0) (size 1.9 0.8) (layers B.Cu B.Paste B.Mask)
      (net 12 "Net-(Q2-Pad3)"))
    (model ${KISYS3DMOD}/Package_TO_SOT_SMD.3dshapes/SOT-23.wrl
      (at (xyz 0 0 0))
      (scale (xyz 1 1 1))
      (rotate (xyz 0 0 0))
    )
  )

  (module Package_TO_SOT_SMD:SOT-23_Handsoldering (layer B.Cu) (tedit 5A0AB76C) (tstamp 61A3DA30)
    (at 138.5 105.5 180)
    (descr "SOT-23, Handsoldering")
    (tags SOT-23)
    (path /6197E626)
    (attr smd)
    (fp_text reference Q3 (at 2 -1.5) (layer B.SilkS)
      (effects (font (size 1 1) (thickness 0.15)) (justify mirror))
    )
    (fp_text value BC859C (at 0 -2.5) (layer B.Fab)
      (effects (font (size 1 1) (thickness 0.15)) (justify mirror))
    )
    (fp_line (start 0.76 -1.58) (end -0.7 -1.58) (layer B.SilkS) (width 0.12))
    (fp_line (start -0.7 -1.52) (end 0.7 -1.52) (layer B.Fab) (width 0.1))
    (fp_line (start 0.7 1.52) (end 0.7 -1.52) (layer B.Fab) (width 0.1))
    (fp_line (start -0.7 0.95) (end -0.15 1.52) (layer B.Fab) (width 0.1))
    (fp_line (start -0.15 1.52) (end 0.7 1.52) (layer B.Fab) (width 0.1))
    (fp_line (start -0.7 0.95) (end -0.7 -1.5) (layer B.Fab) (width 0.1))
    (fp_line (start 0.76 1.58) (end -2.4 1.58) (layer B.SilkS) (width 0.12))
    (fp_line (start -2.7 -1.75) (end -2.7 1.75) (layer B.CrtYd) (width 0.05))
    (fp_line (start 2.7 -1.75) (end -2.7 -1.75) (layer B.CrtYd) (width 0.05))
    (fp_line (start 2.7 1.75) (end 2.7 -1.75) (layer B.CrtYd) (width 0.05))
    (fp_line (start -2.7 1.75) (end 2.7 1.75) (layer B.CrtYd) (width 0.05))
    (fp_line (start 0.76 1.58) (end 0.76 0.65) (layer B.SilkS) (width 0.12))
    (fp_line (start 0.76 -1.58) (end 0.76 -0.65) (layer B.SilkS) (width 0.12))
    (fp_text user %R (at 0 0 270) (layer B.Fab)
      (effects (font (size 0.5 0.5) (thickness 0.075)) (justify mirror))
    )
    (pad 1 smd rect (at -1.5 0.95 180) (size 1.9 0.8) (layers B.Cu B.Paste B.Mask)
      (net 12 "Net-(Q2-Pad3)"))
    (pad 2 smd rect (at -1.5 -0.95 180) (size 1.9 0.8) (layers B.Cu B.Paste B.Mask)
      (net 13 "Net-(Q2-Pad1)"))
    (pad 3 smd rect (at 1.5 0 180) (size 1.9 0.8) (layers B.Cu B.Paste B.Mask)
      (net 4 "Net-(C4-Pad2)"))
    (model ${KISYS3DMOD}/Package_TO_SOT_SMD.3dshapes/SOT-23.wrl
      (at (xyz 0 0 0))
      (scale (xyz 1 1 1))
      (rotate (xyz 0 0 0))
    )
  )

  (module Package_TO_SOT_SMD:SOT-23_Handsoldering (layer B.Cu) (tedit 5A0AB76C) (tstamp 61A3DA44)
    (at 120.5 105.5)
    (descr "SOT-23, Handsoldering")
    (tags SOT-23)
    (path /619678EF)
    (attr smd)
    (fp_text reference Q4 (at 2 1.5) (layer B.SilkS)
      (effects (font (size 1 1) (thickness 0.15)) (justify mirror))
    )
    (fp_text value BC849C (at 0 -2.5) (layer B.Fab)
      (effects (font (size 1 1) (thickness 0.15)) (justify mirror))
    )
    (fp_line (start 0.76 -1.58) (end 0.76 -0.65) (layer B.SilkS) (width 0.12))
    (fp_line (start 0.76 1.58) (end 0.76 0.65) (layer B.SilkS) (width 0.12))
    (fp_line (start -2.7 1.75) (end 2.7 1.75) (layer B.CrtYd) (width 0.05))
    (fp_line (start 2.7 1.75) (end 2.7 -1.75) (layer B.CrtYd) (width 0.05))
    (fp_line (start 2.7 -1.75) (end -2.7 -1.75) (layer B.CrtYd) (width 0.05))
    (fp_line (start -2.7 -1.75) (end -2.7 1.75) (layer B.CrtYd) (width 0.05))
    (fp_line (start 0.76 1.58) (end -2.4 1.58) (layer B.SilkS) (width 0.12))
    (fp_line (start -0.7 0.95) (end -0.7 -1.5) (layer B.Fab) (width 0.1))
    (fp_line (start -0.15 1.52) (end 0.7 1.52) (layer B.Fab) (width 0.1))
    (fp_line (start -0.7 0.95) (end -0.15 1.52) (layer B.Fab) (width 0.1))
    (fp_line (start 0.7 1.52) (end 0.7 -1.52) (layer B.Fab) (width 0.1))
    (fp_line (start -0.7 -1.52) (end 0.7 -1.52) (layer B.Fab) (width 0.1))
    (fp_line (start 0.76 -1.58) (end -0.7 -1.58) (layer B.SilkS) (width 0.12))
    (fp_text user %R (at 0 0 -90) (layer B.Fab)
      (effects (font (size 0.5 0.5) (thickness 0.075)) (justify mirror))
    )
    (pad 3 smd rect (at 1.5 0) (size 1.9 0.8) (layers B.Cu B.Paste B.Mask)
      (net 4 "Net-(C4-Pad2)"))
    (pad 2 smd rect (at -1.5 -0.95) (size 1.9 0.8) (layers B.Cu B.Paste B.Mask)
      (net 2 Earth))
    (pad 1 smd rect (at -1.5 0.95) (size 1.9 0.8) (layers B.Cu B.Paste B.Mask)
      (net 10 "Net-(Q1-Pad3)"))
    (model ${KISYS3DMOD}/Package_TO_SOT_SMD.3dshapes/SOT-23.wrl
      (at (xyz 0 0 0))
      (scale (xyz 1 1 1))
      (rotate (xyz 0 0 0))
    )
  )

  (module Resistor_SMD:R_1206_3216Metric_Pad1.30x1.75mm_HandSolder (layer B.Cu) (tedit 61A0D1CD) (tstamp 61A3DA58)
    (at 129.55 105.5 180)
    (descr "Resistor SMD 1206 (3216 Metric), square (rectangular) end terminal, IPC_7351 nominal with elongated pad for handsoldering. (Body size source: IPC-SM-782 page 72, https://www.pcb-3d.com/wordpress/wp-content/uploads/ipc-sm-782a_amendment_1_and_2.pdf), generated with kicad-footprint-generator")
    (tags "resistor handsolder")
    (path /61978C66)
    (attr smd)
    (fp_text reference R4 (at 0 0 90) (layer B.SilkS)
      (effects (font (size 1 1) (thickness 0.15)) (justify mirror))
    )
    (fp_text value 33k (at 0 -1.82) (layer B.Fab)
      (effects (font (size 1 1) (thickness 0.15)) (justify mirror))
    )
    (fp_line (start -1.6 -0.8) (end -1.6 0.8) (layer B.Fab) (width 0.1))
    (fp_line (start -1.6 0.8) (end 1.6 0.8) (layer B.Fab) (width 0.1))
    (fp_line (start 1.6 0.8) (end 1.6 -0.8) (layer B.Fab) (width 0.1))
    (fp_line (start 1.6 -0.8) (end -1.6 -0.8) (layer B.Fab) (width 0.1))
    (fp_line (start -0.727064 0.91) (end 0.727064 0.91) (layer B.SilkS) (width 0.12))
    (fp_line (start -0.727064 -0.91) (end 0.727064 -0.91) (layer B.SilkS) (width 0.12))
    (fp_line (start -2.45 -1.12) (end -2.45 1.12) (layer B.CrtYd) (width 0.05))
    (fp_line (start -2.45 1.12) (end 2.45 1.12) (layer B.CrtYd) (width 0.05))
    (fp_line (start 2.45 1.12) (end 2.45 -1.12) (layer B.CrtYd) (width 0.05))
    (fp_line (start 2.45 -1.12) (end -2.45 -1.12) (layer B.CrtYd) (width 0.05))
    (fp_text user %R (at 0 0) (layer B.Fab)
      (effects (font (size 0.8 0.8) (thickness 0.12)) (justify mirror))
    )
    (pad 1 smd roundrect (at -1.55 0 180) (size 1.3 1.75) (layers B.Cu B.Paste B.Mask) (roundrect_rratio 0.192308)
      (net 4 "Net-(C4-Pad2)"))
    (pad 2 smd roundrect (at 1.55 0 180) (size 1.3 1.75) (layers B.Cu B.Paste B.Mask) (roundrect_rratio 0.192308)
      (net 11 "Net-(Q1-Pad2)"))
    (model ${KISYS3DMOD}/Resistor_SMD.3dshapes/R_1206_3216Metric.wrl
      (at (xyz 0 0 0))
      (scale (xyz 1 1 1))
      (rotate (xyz 0 0 0))
    )
  )

  (module Resistor_SMD:R_1206_3216Metric_Pad1.30x1.75mm_HandSolder (layer B.Cu) (tedit 61A0D1CD) (tstamp 61A42A26)
    (at 115 105.5 180)
    (descr "Resistor SMD 1206 (3216 Metric), square (rectangular) end terminal, IPC_7351 nominal with elongated pad for handsoldering. (Body size source: IPC-SM-782 page 72, https://www.pcb-3d.com/wordpress/wp-content/uploads/ipc-sm-782a_amendment_1_and_2.pdf), generated with kicad-footprint-generator")
    (tags "resistor handsolder")
    (path /6197882E)
    (attr smd)
    (fp_text reference R5 (at 0 0 90) (layer B.SilkS)
      (effects (font (size 1 1) (thickness 0.15)) (justify mirror))
    )
    (fp_text value 33k (at 0 -1.82) (layer B.Fab)
      (effects (font (size 1 1) (thickness 0.15)) (justify mirror))
    )
    (fp_line (start 2.45 -1.12) (end -2.45 -1.12) (layer B.CrtYd) (width 0.05))
    (fp_line (start 2.45 1.12) (end 2.45 -1.12) (layer B.CrtYd) (width 0.05))
    (fp_line (start -2.45 1.12) (end 2.45 1.12) (layer B.CrtYd) (width 0.05))
    (fp_line (start -2.45 -1.12) (end -2.45 1.12) (layer B.CrtYd) (width 0.05))
    (fp_line (start -0.727064 -0.91) (end 0.727064 -0.91) (layer B.SilkS) (width 0.12))
    (fp_line (start -0.727064 0.91) (end 0.727064 0.91) (layer B.SilkS) (width 0.12))
    (fp_line (start 1.6 -0.8) (end -1.6 -0.8) (layer B.Fab) (width 0.1))
    (fp_line (start 1.6 0.8) (end 1.6 -0.8) (layer B.Fab) (width 0.1))
    (fp_line (start -1.6 0.8) (end 1.6 0.8) (layer B.Fab) (width 0.1))
    (fp_line (start -1.6 -0.8) (end -1.6 0.8) (layer B.Fab) (width 0.1))
    (fp_text user %R (at 0 0) (layer B.Fab)
      (effects (font (size 0.8 0.8) (thickness 0.12)) (justify mirror))
    )
    (pad 2 smd roundrect (at 1.55 0 180) (size 1.3 1.75) (layers B.Cu B.Paste B.Mask) (roundrect_rratio 0.192308)
      (net 2 Earth))
    (pad 1 smd roundrect (at -1.55 0 180) (size 1.3 1.75) (layers B.Cu B.Paste B.Mask) (roundrect_rratio 0.192308)
      (net 10 "Net-(Q1-Pad3)"))
    (model ${KISYS3DMOD}/Resistor_SMD.3dshapes/R_1206_3216Metric.wrl
      (at (xyz 0 0 0))
      (scale (xyz 1 1 1))
      (rotate (xyz 0 0 0))
    )
  )

  (module Resistor_SMD:R_1206_3216Metric_Pad1.30x1.75mm_HandSolder (layer B.Cu) (tedit 61A0D1CD) (tstamp 61A3DA78)
    (at 129.5 102.5 180)
    (descr "Resistor SMD 1206 (3216 Metric), square (rectangular) end terminal, IPC_7351 nominal with elongated pad for handsoldering. (Body size source: IPC-SM-782 page 72, https://www.pcb-3d.com/wordpress/wp-content/uploads/ipc-sm-782a_amendment_1_and_2.pdf), generated with kicad-footprint-generator")
    (tags "resistor handsolder")
    (path /6198444A)
    (attr smd)
    (fp_text reference R6 (at 0 0 90) (layer B.SilkS)
      (effects (font (size 1 1) (thickness 0.15)) (justify mirror))
    )
    (fp_text value 33k (at 0 -1.82) (layer B.Fab)
      (effects (font (size 1 1) (thickness 0.15)) (justify mirror))
    )
    (fp_line (start 2.45 -1.12) (end -2.45 -1.12) (layer B.CrtYd) (width 0.05))
    (fp_line (start 2.45 1.12) (end 2.45 -1.12) (layer B.CrtYd) (width 0.05))
    (fp_line (start -2.45 1.12) (end 2.45 1.12) (layer B.CrtYd) (width 0.05))
    (fp_line (start -2.45 -1.12) (end -2.45 1.12) (layer B.CrtYd) (width 0.05))
    (fp_line (start -0.727064 -0.91) (end 0.727064 -0.91) (layer B.SilkS) (width 0.12))
    (fp_line (start -0.727064 0.91) (end 0.727064 0.91) (layer B.SilkS) (width 0.12))
    (fp_line (start 1.6 -0.8) (end -1.6 -0.8) (layer B.Fab) (width 0.1))
    (fp_line (start 1.6 0.8) (end 1.6 -0.8) (layer B.Fab) (width 0.1))
    (fp_line (start -1.6 0.8) (end 1.6 0.8) (layer B.Fab) (width 0.1))
    (fp_line (start -1.6 -0.8) (end -1.6 0.8) (layer B.Fab) (width 0.1))
    (fp_text user %R (at 0 0) (layer B.Fab)
      (effects (font (size 0.8 0.8) (thickness 0.12)) (justify mirror))
    )
    (pad 2 smd roundrect (at 1.55 0 180) (size 1.3 1.75) (layers B.Cu B.Paste B.Mask) (roundrect_rratio 0.192308)
      (net 2 Earth))
    (pad 1 smd roundrect (at -1.55 0 180) (size 1.3 1.75) (layers B.Cu B.Paste B.Mask) (roundrect_rratio 0.192308)
      (net 12 "Net-(Q2-Pad3)"))
    (model ${KISYS3DMOD}/Resistor_SMD.3dshapes/R_1206_3216Metric.wrl
